0.1	0.1	1
[[], [[31.358765557170518, 34.626720601745205], [44.426699590273046, 49.914595068927], [72.08837675322005, 73.04536180602422]], [[8.940857944108936, 23.69124192243349], [27.86792087186671, 32.689619017766795], [39.98884293358093, 56.68046648051968]], [[4.927374422750286, 5.659457368061971], [27.900591164877703, 32.95646672794308], [43.205250019250364, 57.202747630756726]], [[5.600860923490061, 12.634319503989838], [16.976131088500185, 40.329110506749], [44.1892008255409, 48.74831321502121], [49.01094107116165, 51.97565930188395]], [[1.8169329687923848, 25.38192316568497], [25.434882882334428, 26.058862842094896], [29.02702558872418, 29.422726809881446], [33.715862493035694, 34.03860297801901], [36.67474942275972, 38.41066760771788], [40.054486181307894, 99.67694754518295]], [[7.2283873597086785, 11.7007730810761], [11.840867256350617, 12.718687414013726], [12.965519347897773, 37.26482449335506], [46.147868352232315, 53.456802115541]], [[10.605203393690125, 11.790554295391557], [21.29717018443688, 22.96444699362435], [83.1081554720588, 86.44506695213902]], [[9.499852167324997, 18.178547049185845], [31.271418632364526, 32.684196690543835], [38.575138559360575, 41.08806748988244], [48.565222112801834, 53.1598974176962]], [[1.3546048022083557, 9.686651499584961], [12.207711032464761, 14.638071711813087], [26.73605344866794, 33.754151213544986], [38.894463444380676, 64.20496882593858]], [[4.779407029710993, 31.79018594271861], [77.74428126462999, 81.25586029459808]]]

0.1	0.1	2
[[], [[4.890161168582374, 10.470354471001945], [13.476345462852784, 23.115877735892276], [38.154172632640694, 47.38197388364933], [87.17702029796766, 93.77836103871256]], [[9.688664515436294, 9.798031316004673], [11.023567337192, 30.105383026470946], [30.989887262931862, 66.32467945910793]], [[13.49645384685616, 21.214930585938966], [38.77261941871043, 41.61999341362261], [77.63499781737443, 102.40546778838309]], [[13.514596835430138, 17.854525165041156], [32.048157663168865, 55.430781903057365]], [[8.238294547827833, 9.773016841402278], [10.757145050026896, 36.17150477161859], [37.759326177648184, 50.32392869175786]], [[1.2367667729953515, 13.03342918606468], [38.306241094505594, 51.84120340215778]], [[17.90285497029607, 21.274337241633596], [38.36134422400959, 39.988348958164025], [48.802624034072124, 53.631787745876096]], [[12.004801529667194, 17.017571244179656], [18.64077509930212, 43.263591425683785], [66.58790726119483, 81.5826475617217]], [[35.866872821420415, 41.56922866767345], [59.131309030124406, 65.61634237356466]], [[3.982120884307077, 6.771024312402421], [26.762316773715998, 33.80541987730397], [71.47402528267085, 96.16199706347919]]]

0.1	0.1	3
[[], [[2.845440154394958, 6.797217707642172], [12.641308416344593, 50.653937857888934]], [[7.065023622731628, 13.848706406934351], [37.26035641010296, 37.39510767738323], [38.79628362083146, 81.92837250973534]], [[4.769795150555105, 6.098716410234437], [9.347353929341384, 24.212044872234692], [30.1996884168896, 38.79783965850372], [49.72461555348432, 56.42148792850062]], [[2.9171207619679875, 7.528118739308441], [8.04035750915791, 44.32234953896632], [48.49342555817704, 63.342849320803865]], [[2.4972508612562394, 6.932750329105959], [33.22693979084054, 37.08513379202115], [37.68354781997114, 39.70326100045731], [42.356206033552006, 43.59709909538807], [66.1320162551543, 70.28991624782834]], [[15.447708001025601, 16.51473009236921], [20.30764374171513, 20.88162504220537], [25.519807451507738, 63.266432837323386]], [[52.835537052583774, 54.17028255397552]], [[3.670368626525434, 6.208210578181486], [13.747183509170423, 19.28689025154869], [22.627564254619287, 67.71583549986528]], [[2.4793456246642585, 7.110696366143031], [21.268361860336007, 78.91852918965861]], [[4.322277434033371, 5.726819932618119], [16.389259915989765, 21.337989904018713], [35.56668767605497, 40.11628417508677], [47.32334903843017, 62.91311974595052]]]

0.1	0.1	4
[[], [[5.609900623051798, 7.468497674176958], [16.36124990753367, 33.52929918554136], [66.93991648459388, 78.02288029437005]], [[7.889721616492691, 10.426071907764918], [10.885199456233748, 18.30001993894421], [34.44966418828375, 51.775652718663494]], [[4.780199749278832, 8.546827887519555], [25.288822966892184, 39.71285219889298], [63.00423210550981, 71.99175220783465]], [[9.433376059099002, 9.487596921230436], [21.986734507403824, 32.9876612921576], [40.66454793243036, 41.81606780093564], [43.858002425384285, 44.31062094900756], [86.25782228136131, 87.90482253386891]], [[11.53516273808863, 57.5471750717675]], [[15.984364579572585, 27.45994236138362], [34.099615558274, 34.60394405953281], [38.75875999558024, 52.99114256480663]], [[5.0577918190454945, 16.156337216756775], [16.538674482591702, 22.03260090214726], [27.13263823359994, 38.57865206871487], [45.19245462765264, 48.59668160426984], [51.19982743571762, 53.585422168700845]], [[1.6097585522321844, 22.402111862005995], [50.22558138849544, 52.31708413619805]], [[1.3893931800619437, 19.588360832215955], [21.15518861648275, 24.00164445624405], [26.307874837056335, 32.70189074142251], [41.3157352450942, 45.13563994128285], [59.59045718048989, 76.39391699008206]], [[3.279604945677031, 6.678754965688418], [9.424854694829499, 13.289577235395756], [37.61895520533548, 39.32985329880444], [42.27397329043811, 67.72921436594464]]]

0.1	0.1	5
[[], [[8.313488838994703, 11.273934875606983], [14.404570507457645, 20.596904915192006], [34.88596963262329, 53.06806613988286]], [[4.145949661965974, 7.834849910106215], [32.599161247915454, 34.387165529841546], [39.089100765809, 39.28263567494515], [42.387360250614215, 53.862586235750896]], [[0.2828079579513354, 5.776880721346299], [10.557963874511607, 20.888916737411762], [26.129318184222875, 48.28203482204232], [49.23508943104017, 51.968787656814285]], [[15.369142339772418, 31.919241592732938], [40.28914805797588, 40.29689637031015], [44.674561035588944, 47.54793717944852], [52.73628898617574, 56.853454800018746]], [[5.459354385933271, 9.122699670778166], [18.79693515834244, 33.87291702587618], [54.93674437712468, 78.51407291317892]], [[25.527840617292615, 26.299474945016385], [26.40408186711888, 30.843369057496314], [66.40232561089624, 83.297607279787]], [[4.44304456860013, 5.61733030281981], [28.318059651625966, 31.93872216461097], [39.66712647583102, 51.394483249427466]], [[12.386504558124297, 25.41342248463932], [33.75096291963896, 41.160914458503626], [43.89018279309993, 54.35167778371207]], [[36.209170753881196, 37.199010623175404], [80.20600655231183, 88.65318180056059]], [[3.0862239685959456, 11.627157975798642], [23.284910959765774, 24.38848563346304], [37.45045408521264, 76.17960620806257]]]

0.05 0.1 1
[[], [[10.769383216876422, 23.891917651637556], [24.216857736541936, 151.6094579337532]], [[6.478937225838286, 58.46881248878294]], [[17.248190885596706, 32.0466332204834], [33.62602966955887, 69.8642786419644]], [[5.735641284479032, 18.178340564490735], [25.597364356234117, 43.84755097123281], [49.67522167759977, 97.70326547013201]], [[17.04491690874251, 64.2915907904706]], [[9.499364399835398, 15.37532718708027], [35.580766505824414, 37.89766529774854], [38.5856473622554, 48.73724311154994], [54.582810705375806, 62.1678687416067]], [[4.126514393995909, 17.24068135329016], [27.87119200213951, 34.662930635412316], [43.21112225957652, 54.24250954688947]], [[0.9833539809336395, 22.505243171452697], [22.883139752052863, 45.47351301671047], [52.18172182294294, 57.66151559027157]], [[12.42669345804, 23.806490848618182], [30.380481592649822, 40.89650904169143], [49.14251371007043, 53.37767657745704]], [[43.00302174626051, 47.8416229198569], [50.027864729530066, 65.46920506379477]]]

0.05 0.1 2
[[], [[0.5207632382314826, 107.44762388523567]], [[9.306803125491207, 15.116091491023429], [22.263345330518646, 45.539949670391024], [56.47467283319621, 94.4636647225653]], [[4.935086136703185, 47.44481492451444], [77.60165339424901, 81.39786426047982]], [[32.844184581528424, 41.1918115756283], [42.84531625684578, 73.28272506891659]], [[35.62236625640508, 42.61364457767694], [56.07832801259456, 80.89638791241842]], [[28.842900072346513, 35.083646803624674], [36.23454390861041, 39.131630800574484], [41.45188562164844, 48.326635441672806], [69.69232886713836, 95.93274600333821]], [[9.321068420793209, 18.50176305851002], [29.835574051244137, 37.143624446154746], [47.756576934599835, 75.44464024656304]], [[1.6103298264935846, 6.162948470335427], [19.60611300437565, 22.43857751990107], [25.16363342983498, 68.19009007931606]], [[27.505200007876528, 97.18140734802799]], [[6.586814603998506, 52.244023556442336]]]

0.05 0.1 3
[[], [[1.2987638794009775, 61.707064231460635]], [[13.417287337508785, 51.37184284358764]], [[17.407594630358965, 34.43880964654877], [37.26175526405826, 46.115915978898485], [50.42351514165584, 70.2409339024738]], [[1.90486866530751, 45.614972823701464], [47.738717160749474, 65.30624100326004]], [[2.613752346853331, 6.940029716179457], [20.94060968269524, 21.854024520641534], [35.919471302593905, 39.32321865545077], [52.73232222046053, 62.38731075686339]], [[6.106310134824698, 17.157366662458255], [19.23492816871556, 52.807103926998295]], [[8.87869688615286, 21.65501324498039], [24.327893549636517, 24.930067953527892], [29.18009596410755, 56.30363648775992]], [[3.8028414499398138, 15.442789434977346], [21.3391940375505, 21.690902818884048], [30.096205020915974, 34.91545864103065], [36.403097804677394, 119.09259312849534]], [[12.622851363098645, 47.413092206493666], [75.59262345025162, 109.24475890297757]], [[0.5435020639731022, 5.273786887224142], [22.62546992524078, 35.94485656492101], [43.97810643073845, 44.48227227777242], [53.61897333484484, 61.31862252482375]]]

0.05 0.1 4
[[], [[1.753041256037135, 4.952479103778318], [5.62935619100177, 10.844057621861264], [14.097312744485727, 28.66798226139056], [30.774167576368235, 35.06487166657619], [42.58495966431125, 75.58241045461556]], [[2.0298441729754724, 22.09798959268182], [23.99500893429391, 27.4496533058734], [33.491144501566616, 60.25701214591088]], [[1.115952401420645, 23.38856524666491], [28.14716578233044, 46.55764218307824], [63.48300467639689, 64.15927374144839]], [[9.68956514557339, 14.205902078809197], [14.94687251808145, 21.209076675236687], [24.40241058332838, 32.07298301385429], [45.068468611181466, 51.60477454761901]], [[7.969648902559279, 44.87721281393793], [45.71437065518002, 56.435629933209114]], [[5.30709753987453, 87.3857064127262]], [[15.465448937620698, 37.34421571216581], [61.236201032919766, 91.2051341701885]], [[33.94352042231001, 53.52890058732119]], [[5.53472452505051, 13.231836114901391], [13.904887126798656, 15.66901361409855], [17.00947137644428, 24.14384268138222], [32.06445595901139, 65.07792418698938]], [[3.1154538556270714, 27.095145761581158], [50.83017517191615, 69.53037697896536]]]

0.05 0.1 5
[[], [[27.731222568594607, 107.2251392403197]], [[7.344772204581567, 8.179936057940141], [38.27352440046567, 63.14498885117217]], [[0.3597726103490155, 6.497911052279012], [9.942551812826139, 18.471509441340764], [35.65015425491647, 61.673461222651255]], [[6.626114762299891, 11.942725589068917], [13.293706762573608, 28.431849999321095], [48.10373507961053, 52.23063821624556]], [[7.688991798259986, 28.1203496918328], [28.867188532504617, 39.763649537290455], [43.74892243912806, 62.75582709972699]], [[2.1796804323449206, 7.205599603383801], [7.972678227579868, 10.771249512169302], [25.053172191254443, 38.123401076865164], [39.54850270361806, 45.40218766759386], [47.453193134568025, 48.66356334323446], [51.72919480030807, 83.39048418086735]], [[7.63663326640539, 8.04641555555809], [21.481814962548633, 36.41540101805125], [48.28339777875233, 65.54878467756127]], [[42.38474360936524, 42.830425905739], [50.48751574063347, 56.13700628826612]], [[11.897297629892739, 14.952061773716522], [21.002098244304804, 22.531800969432595], [25.6547374457341, 66.64043245608401]], [[3.4700415595705736, 52.990718057640215]]]
