on		off		file_index   	run_index		packet		throghput	life_log
0.1		0.1		1				1				408						[2.714431047439575, 47.21941089630127]
0.1		0.1		1				2				387					
0.1		0.1		1				3				483				
0.1		0.1		1				4				426			
0.1		0.1		1				5				446		
0.1		0.1		2				1				406						[2.714414119720459, 15.117111921310425]
0.1		0.1		2				2				506	
0.1		0.1		2				3				555						
0.1		0.1		2				4				554					
0.1		0.1		2				5				584				
0.1		0.1		3				1				571						[2.715075969696045]
0.1		0.1		3				2				545			
0.1		0.1		3				3				550				
0.1		0.1		3				4				490				
0.1		0.1		3				5				544				
0.1		0.1		4				1				606						[2.714508056640625]
0.1		0.1		4				2				537				
0.1		0.1		4				3				542				
0.1		0.1		4				4				616				
0.1		0.1		4				5				541			
0.1		0.1		5				1				486						[2.7144088745117188]	
0.1		0.1		5				2				481		
0.1		0.1		5				3				499		
0.1		0.1		5				4				531		
0.1		0.1		5				5				505		
0.05	0.1		1				1				435						[2.715113878250122, 19.116785049438477]
0.05	0.1		1				2				468
0.05	0.1		1				3				506	
0.05	0.1		1				4				507
0.05	0.1		1				5				454
0.05	0.1		2				1				545						[2.7172000408172607, 36.70999813079834, 48.82680916786194]
0.05	0.1		2				2				580
0.05	0.1		2				3				467
0.05	0.1		2				4				569
0.05	0.1		2				5				521
0.05	0.1		3				1				451   					[2.715559959411621, 38.71019196510315, 44.616761922836304] 				
0.05	0.1		3				2				523
0.05	0.1		3				3				470
0.05	0.1		3				4				520
0.05	0.1		3				5				502
0.05	0.1		4				1				537	   					[2.7157089710235596, 10.710412979125977]
0.05	0.1		4				2				514
0.05	0.1		4				3				618
0.05	0.1		4				4				554
0.05	0.1		4				5				536
0.05	0.1		5				1				544						[2.71464204788208]
0.05	0.1		5				2				507
0.05	0.1		5				3				486
0.05	0.1		5				4				520
0.05	0.1		5				5				578
0.5		0.1		1				1				679						[2.7152018547058105]
0.5		0.1		1				2				640
0.5		0.1		1				3				658
0.5		0.1		1				4				632
0.5		0.1		1				5				636
0.5		0.1		1				1				520						[2.7144320011138916]
0.5		0.1		1				2				520
0.5		0.1		1				3				558
0.5		0.1		1				4				498
0.5		0.1		1				5				552
0.5		0.1		1				1				612						[2.714656114578247]						
0.5		0.1		1				2				626
0.5		0.1		1				3				612
0.5		0.1		1				4				562
0.5		0.1		1				5				617
0.5		0.1		1				1				627						[2.715151071548462]
0.5		0.1		1				2				655	
0.5		0.1		1				3				644
0.5		0.1		1				4				640
0.5		0.1		1				5				671
0.5		0.1		1				1				492						[2.7166450023651123]
0.5		0.1		1				2				483
0.5		0.1		1				3				505
0.5		0.1		1				4				492
0.5		0.1		1				5				545



